# Created by Octave 4.2.1, Sun Nov 05 21:48:05 2017 IST <gadi@Gadi-Workstation>
# name: smoothMesh
# type: scalar struct
# ndims: 2
 1 1
# length: 11
# name: vlfs
# type: matrix
# rows: 32
# columns: 2
 57.47405725 47.47405725
 -57.47405724999999 47.47405725
 -57.47405724999999 -57.47405724999999
 57.47405725 -57.47405724999999
 -20 -20
 -20 10
 20 10
 20 -20
 10 5
 -10 5
 -10 -15
 10 -15
 20 -10
 10 -10
 -10 -10
 -20 -10
 -10 0
 -20 0
 20 0
 10 0
 7.105427357601001e-15 47.47405725
 57.47405725 -4.999999999999996
 -57.47405724999999 -4.999999999999996
 7.105427357601001e-15 -57.47405724999999
 0 -20
 0 10
 0 5
 0 -15
 -10 -20
 -10 10
 10 -20
 10 10


# name: tlfs
# type: matrix
# rows: 54
# columns: 3
 8 24 4
 8 4 22
 5 3 24
 5 23 3
 2 23 6
 2 6 21
 7 22 1
 7 1 21
 16 23 5
 13 8 22
 18 6 23
 18 23 16
 11 16 5
 19 22 7
 19 13 22
 12 8 13
 30 21 6
 30 26 21
 29 11 5
 29 5 24
 29 24 25
 10 6 18
 10 30 6
 32 7 21
 32 21 26
 31 8 12
 31 24 8
 31 25 24
 9 19 7
 9 7 32
 15 16 11
 15 11 28
 14 12 13
 14 28 12
 17 10 18
 17 27 10
 20 19 9
 20 9 27
 29 28 11
 29 25 28
 10 27 26
 10 26 30
 31 28 25
 31 12 28
 9 26 27
 9 32 26
 17 16 15
 17 18 16
 17 28 27
 17 15 28
 20 14 13
 20 13 19
 20 27 28
 20 28 14


# name: hlfs
# type: matrix
# rows: 32
# columns: 1
 49.46575557000001
 49.46575557000001
 49.46575557000001
 49.46575557000001
 10
 10
 10
 10
 5
 5
 5
 5
 10
 5
 5
 10
 5
 10
 10
 5
 47.47405725
 47.80614985390972
 47.8061498539097
 47.47405724999999
 10
 10
 10
 10
 10
 10
 10
 10


# name: slfs
# type: scalar struct
# ndims: 2
 1 1
# length: 3
# name: xx
# type: matrix
# rows: 1
# columns: 4
 -57.47405725003448 -57.47405725003148 57.47405725003449 47.47405725003149


# name: ii
# type: matrix
# rows: 1
# columns: 2
 0 0


# name: ll
# type: cell
# rows: 1
# columns: 1
# name: <cell-element>
# type: matrix
# rows: 54
# columns: 1
 1
 2
 3
 4
 5
 6
 7
 8
 9
 10
 11
 12
 13
 14
 15
 16
 17
 18
 19
 20
 21
 22
 23
 24
 25
 26
 27
 28
 29
 30
 31
 32
 33
 34
 35
 36
 37
 38
 39
 40
 41
 42
 43
 44
 45
 46
 47
 48
 49
 50
 51
 52
 53
 54







# name: etri
# type: matrix
# rows: 78
# columns: 2
 9 20
 10 17
 11 15
 12 14
 13 25
 14 26
 15 27
 15 28
 17 29
 19 30
 14 25
 20 26
 16 27
 17 28
 18 29
 20 30
 9 33
 11 34
 10 37
 12 38
 33 37
 34 38
 31 39
 32 40
 35 39
 36 40
 5 50
 6 51
 13 52
 16 53
 8 54
 7 55
 16 50
 18 51
 19 52
 18 53
 35 54
 36 55
 7 68
 8 69
 5 70
 6 71
 19 68
 13 69
 31 70
 32 71
 22 106
 23 107
 42 106
 43 107
 1 118
 1 119
 2 120
 3 121
 2 122
 4 123
 3 124
 4 125
 21 126
 24 127
 21 128
 22 129
 23 130
 24 131
 41 118
 42 119
 43 120
 44 121
 45 122
 46 123
 47 124
 48 125
 41 126
 44 127
 45 128
 46 129
 47 130
 48 131


# name: tria
# type: matrix
# rows: 272
# columns: 3
 123 125 4
 124 3 121
 106 42 150
 118 41 109
 118 119 1
 148 109 41
 148 41 126
 95 7 85
 138 150 42
 71 105 91
 6 71 91
 6 51 71
 84 63 73
 84 51 6
 141 24 131
 136 125 123
 136 123 46
 110 136 76
 110 48 125
 110 125 136
 112 46 129
 112 136 46
 112 76 136
 112 92 76
 60 92 112
 60 129 22
 60 112 129
 68 85 7
 68 7 55
 97 148 56
 97 95 74
 97 74 109
 97 109 148
 87 7 95
 87 55 7
 87 97 56
 87 95 97
 96 95 85
 96 150 138
 96 74 95
 96 138 74
 144 42 119
 144 138 42
 144 118 109
 144 119 118
 144 109 74
 144 74 138
 137 124 121
 137 47 124
 113 130 47
 113 47 137
 113 137 77
 113 77 93
 88 16 73
 53 73 16
 151 152 63
 151 139 43
 101 63 84
 101 151 63
 101 139 151
 58 132 143
 81 40 78
 82 143 132
 82 81 78
 82 132 81
 82 21 143
 145 43 139
 128 143 21
 142 127 24
 115 57 90
 98 90 57
 98 110 76
 98 76 92
 98 92 90
 146 48 110
 146 131 48
 146 98 57
 146 110 98
 146 141 131
 146 57 141
 52 13 72
 116 87 56
 62 113 93
 62 93 88
 62 130 113
 62 63 152
 62 23 130
 62 152 23
 62 73 63
 62 88 73
 18 73 53
 18 84 73
 18 51 84
 107 151 43
 107 23 152
 107 152 151
 32 105 71
 32 81 105
 32 40 81
 100 84 6
 100 101 84
 100 6 91
 114 105 81
 114 81 132
 114 132 58
 114 91 105
 114 58 91
 140 56 148
 140 148 126
 140 126 21
 140 21 82
 120 43 145
 120 122 2
 120 145 122
 94 91 58
 94 100 91
 83 24 141
 83 142 24
 83 135 142
 147 44 127
 147 127 142
 5 88 93
 39 79 35
 133 141 57
 133 57 115
 133 83 141
 133 115 79
 133 79 83
 8 90 92
 25 13 52
 103 115 90
 103 79 115
 103 35 79
 66 65 49
 66 26 65
 20 65 26
 20 33 65
 20 9 33
 36 78 40
 36 9 55
 36 40 33
 36 33 9
 86 72 13
 86 8 92
 86 92 60
 86 60 72
 61 96 85
 61 85 72
 61 72 60
 61 150 96
 134 82 78
 134 78 116
 134 140 82
 134 116 56
 134 56 140
 37 33 40
 37 40 32
 29 51 18
 29 18 53
 108 45 122
 108 122 145
 111 77 137
 111 44 147
 111 121 44
 111 137 121
 59 142 135
 59 147 142
 80 79 39
 80 83 79
 80 135 83
 69 13 25
 69 86 13
 69 8 86
 54 35 103
 54 8 69
 54 90 8
 54 103 90
 38 66 49
 38 39 35
 30 9 20
 30 20 26
 102 116 78
 102 78 36
 102 36 55
 102 55 87
 102 87 116
 153 60 22
 153 61 60
 153 150 61
 153 22 106
 153 106 150
 64 28 67
 64 67 49
 64 49 65
 64 65 33
 64 33 37
 10 37 32
 10 32 71
 149 45 108
 149 128 45
 149 94 58
 149 108 94
 149 58 143
 149 143 128
 75 94 108
 75 139 101
 75 145 139
 75 108 145
 75 101 100
 75 100 94
 117 59 135
 117 135 80
 117 80 104
 99 93 77
 99 77 111
 99 111 147
 99 147 59
 34 39 38
 34 49 67
 34 38 49
 15 67 28
 15 34 67
 15 11 34
 12 38 35
 12 35 54
 19 68 30
 19 30 52
 19 52 72
 19 85 68
 19 72 85
 17 64 37
 17 37 10
 17 28 64
 17 10 29
 17 29 28
 89 59 117
 89 99 59
 89 117 104
 89 5 93
 89 93 99
 89 104 70
 89 70 5
 31 70 104
 31 11 70
 31 104 80
 31 80 39
 31 39 34
 31 34 11
 50 5 70
 50 16 88
 50 88 5
 14 66 38
 14 38 12
 14 12 25
 14 25 26
 14 26 66
 27 11 15
 27 16 50
 27 53 16
 27 15 28
 30 55 9
 30 68 55
 30 25 52
 30 26 25
 10 51 29
 10 71 51
 12 54 69
 12 69 25
 27 50 70
 27 70 11
 27 29 53
 27 28 29


# name: tnum
# type: matrix
# rows: 272
# columns: 1
 1
 1
 1
 1
 1
 1
 1
 1
 1
 1
 1
 4
 1
 1
 1
 1
 1
 1
 1
 1
 1
 1
 1
 1
 1
 1
 1
 1
 4
 1
 1
 1
 1
 1
 1
 1
 1
 1
 1
 1
 1
 1
 1
 1
 1
 1
 1
 1
 1
 1
 1
 1
 1
 1
 1
 1
 1
 1
 1
 1
 1
 1
 1
 1
 1
 1
 1
 1
 1
 1
 1
 1
 1
 1
 1
 1
 1
 1
 1
 1
 1
 1
 1
 1
 1
 1
 1
 1
 1
 1
 1
 1
 1
 1
 1
 1
 1
 1
 1
 1
 1
 1
 1
 1
 1
 1
 1
 1
 1
 1
 1
 1
 1
 1
 1
 1
 1
 1
 1
 1
 1
 1
 1
 1
 1
 1
 1
 1
 1
 3
 1
 1
 1
 1
 1
 1
 1
 1
 1
 4
 4
 4
 1
 1
 1
 1
 1
 1
 1
 1
 1
 1
 1
 1
 1
 4
 4
 4
 3
 1
 1
 1
 1
 1
 1
 1
 1
 1
 1
 1
 2
 1
 1
 1
 2
 1
 1
 1
 2
 4
 3
 1
 1
 1
 1
 1
 1
 1
 1
 1
 1
 1
 1
 1
 1
 1
 4
 4
 1
 1
 1
 1
 1
 1
 1
 1
 1
 1
 1
 1
 1
 1
 1
 1
 1
 1
 1
 2
 1
 1
 1
 1
 1
 2
 2
 4
 3
 1
 1
 1
 1
 1
 1
 4
 3
 1
 1
 1
 1
 1
 1
 1
 1
 2
 1
 1
 2
 2
 2
 1
 1
 1
 1
 2
 3
 1
 2
 2
 3
 3
 4
 4
 3
 3
 4
 4
 2
 2
 2
 2
 3
 3


