# Created by Octave 4.2.1, Sat Nov 04 18:33:18 2017 IST <gadi@Gadi-Workstation>
# name: smoothMesh
# type: scalar struct
# ndims: 2
 1 1
# length: 11
# name: vlfs
# type: matrix
# rows: 32
# columns: 2
 57.47405725 47.47405725
 -57.47405724999999 47.47405725
 -57.47405724999999 -57.47405724999999
 57.47405725 -57.47405724999999
 -20 -20
 -20 10
 20 10
 20 -20
 10 5
 -10 5
 -10 -15
 10 -15
 20 -10
 10 -10
 -10 -10
 -20 -10
 -10 0
 -20 0
 20 0
 10 0
 7.105427357601001e-15 47.47405725
 57.47405725 -4.999999999999996
 -57.47405724999999 -4.999999999999996
 7.105427357601001e-15 -57.47405724999999
 0 -20
 0 10
 0 5
 0 -15
 -10 -20
 -10 10
 10 -20
 10 10


# name: tlfs
# type: matrix
# rows: 54
# columns: 3
 8 24 4
 8 4 22
 5 3 24
 5 23 3
 2 23 6
 2 6 21
 7 22 1
 7 1 21
 16 23 5
 13 8 22
 18 6 23
 18 23 16
 11 16 5
 19 22 7
 19 13 22
 12 8 13
 30 21 6
 30 26 21
 29 11 5
 29 5 24
 29 24 25
 10 6 18
 10 30 6
 32 7 21
 32 21 26
 31 8 12
 31 24 8
 31 25 24
 9 19 7
 9 7 32
 15 16 11
 15 11 28
 14 12 13
 14 28 12
 17 10 18
 17 27 10
 20 19 9
 20 9 27
 29 28 11
 29 25 28
 10 27 26
 10 26 30
 31 28 25
 31 12 28
 9 26 27
 9 32 26
 17 16 15
 17 18 16
 17 28 27
 17 15 28
 20 14 13
 20 13 19
 20 27 28
 20 28 14


# name: hlfs
# type: matrix
# rows: 32
# columns: 1
 32.97717038
 32.97717038
 32.97717038
 32.97717038
 10
 10
 10
 10
 5
 5
 5
 5
 10
 5
 5
 10
 5
 10
 10
 5
 32.97717038
 32.97717038
 32.97717038
 32.97717038
 10
 10
 10
 10
 10
 10
 10
 10


# name: slfs
# type: scalar struct
# ndims: 2
 1 1
# length: 3
# name: xx
# type: matrix
# rows: 1
# columns: 4
 -57.47405725003448 -57.47405725003148 57.47405725003449 47.47405725003149


# name: ii
# type: matrix
# rows: 1
# columns: 2
 0 0


# name: ll
# type: cell
# rows: 1
# columns: 1
# name: <cell-element>
# type: matrix
# rows: 54
# columns: 1
 1
 2
 3
 4
 5
 6
 7
 8
 9
 10
 11
 12
 13
 14
 15
 16
 17
 18
 19
 20
 21
 22
 23
 24
 25
 26
 27
 28
 29
 30
 31
 32
 33
 34
 35
 36
 37
 38
 39
 40
 41
 42
 43
 44
 45
 46
 47
 48
 49
 50
 51
 52
 53
 54







# name: etri
# type: matrix
# rows: 71
# columns: 2
 9 20
 10 17
 11 15
 12 14
 13 21
 14 22
 15 23
 15 24
 17 25
 19 26
 14 21
 20 22
 16 23
 17 24
 18 25
 20 26
 1 27
 2 29
 3 30
 9 33
 11 34
 2 35
 4 38
 10 41
 12 42
 33 41
 34 42
 31 45
 32 46
 39 45
 40 46
 13 58
 16 59
 5 60
 19 58
 18 59
 31 60
 5 71
 6 72
 7 73
 8 74
 29 76
 16 71
 18 72
 19 73
 39 74
 37 76
 8 83
 6 84
 7 85
 13 83
 32 84
 40 85
 27 95
 30 96
 35 97
 38 98
 43 95
 44 96
 43 97
 44 98
 36 110
 75 110
 4 126
 3 127
 28 128
 36 126
 37 127
 75 128
 1 132
 28 132


# name: tria
# type: matrix
# rows: 243
# columns: 3
 29 76 122
 129 126 36
 88 30 96
 121 122 76
 131 37 127
 128 28 130
 112 43 113
 56 1 27
 68 57 67
 53 2 29
 114 44 98
 120 75 128
 120 128 130
 120 110 75
 125 37 131
 125 76 37
 125 121 76
 95 43 112
 86 112 49
 86 56 27
 86 27 95
 86 95 112
 132 1 56
 100 84 115
 66 112 113
 66 49 112
 35 2 53
 61 29 122
 61 53 29
 111 88 96
 111 96 44
 111 44 114
 54 126 129
 54 38 4
 54 4 126
 124 120 130
 124 47 120
 123 110 120
 123 36 110
 123 129 36
 62 125 131
 62 80 91
 62 121 125
 55 88 80
 55 30 88
 55 62 131
 55 80 62
 55 131 127
 55 3 30
 55 127 3
 134 119 61
 134 61 122
 117 62 91
 117 121 62
 78 56 86
 78 86 49
 133 28 132
 133 132 56
 133 130 28
 19 26 58
 81 58 94
 81 19 58
 81 107 19
 81 94 47
 93 74 105
 93 105 51
 93 51 77
 83 99 94
 50 100 115
 50 66 113
 50 115 66
 46 66 115
 97 113 43
 65 111 114
 65 51 105
 65 114 51
 89 77 51
 89 38 54
 89 54 77
 89 51 114
 89 98 38
 89 114 98
 118 47 124
 118 81 47
 118 107 81
 64 129 123
 64 99 77
 64 54 129
 64 77 54
 102 120 47
 102 123 120
 102 94 99
 102 47 94
 102 99 64
 102 64 123
 39 105 74
 34 42 57
 11 31 34
 11 34 15
 60 31 11
 6 119 134
 6 100 119
 6 84 100
 82 16 59
 82 59 108
 101 7 78
 101 78 49
 101 85 7
 63 56 78
 63 133 56
 63 118 124
 63 124 130
 63 130 133
 20 67 22
 20 22 26
 73 19 107
 73 26 19
 73 7 85
 8 83 74
 8 74 93
 8 99 83
 8 77 99
 8 93 77
 13 94 58
 13 83 94
 87 35 53
 87 50 113
 87 113 97
 87 97 35
 32 46 115
 32 115 84
 32 84 10
 33 68 67
 33 67 20
 135 65 105
 135 105 39
 103 111 65
 12 42 39
 12 39 74
 17 10 25
 17 25 24
 17 24 68
 70 57 68
 70 68 24
 70 24 15
 70 34 57
 70 15 34
 23 59 16
 23 15 24
 23 16 71
 23 11 15
 5 106 60
 5 91 80
 5 80 106
 5 60 71
 5 71 91
 18 59 25
 18 108 59
 18 134 108
 109 71 16
 109 16 82
 109 91 71
 109 117 91
 109 82 117
 48 82 108
 48 122 121
 48 121 117
 48 117 82
 48 134 122
 48 108 134
 116 85 101
 116 66 46
 116 49 66
 116 101 49
 90 63 78
 90 118 63
 90 78 7
 90 107 118
 90 7 73
 90 73 107
 9 20 26
 9 33 20
 79 87 53
 79 61 119
 79 53 61
 79 119 100
 79 100 50
 79 50 87
 41 32 10
 41 46 32
 41 17 68
 41 10 17
 41 68 33
 41 33 46
 45 39 42
 45 135 39
 45 42 34
 45 34 31
 52 88 111
 52 111 103
 52 80 88
 52 106 80
 92 31 60
 92 60 106
 92 106 52
 92 52 103
 104 65 135
 104 103 65
 104 92 103
 104 135 45
 104 45 31
 104 31 92
 69 57 42
 69 67 57
 69 22 67
 21 83 13
 21 13 58
 72 6 134
 72 134 18
 72 84 6
 72 18 25
 40 33 9
 40 46 33
 40 116 46
 40 9 85
 40 85 116
 14 12 21
 14 42 12
 14 69 42
 14 21 22
 14 22 69
 23 24 25
 23 25 59
 23 60 11
 23 71 60
 9 73 85
 9 26 73
 21 12 74
 21 74 83
 21 26 22
 21 58 26
 72 25 10
 72 10 84


# name: tnum
# type: matrix
# rows: 243
# columns: 1
 1
 1
 1
 1
 1
 1
 1
 1
 1
 1
 1
 1
 1
 1
 1
 1
 1
 1
 1
 1
 1
 1
 1
 1
 1
 1
 1
 1
 1
 1
 1
 1
 1
 1
 1
 1
 1
 1
 1
 1
 1
 1
 1
 1
 1
 1
 1
 1
 1
 1
 1
 1
 1
 1
 1
 1
 1
 1
 1
 3
 1
 1
 1
 1
 1
 1
 1
 1
 1
 1
 1
 1
 1
 1
 1
 1
 1
 1
 1
 1
 1
 1
 1
 1
 1
 1
 1
 1
 1
 1
 1
 1
 1
 1
 1
 1
 1
 2
 1
 2
 1
 1
 1
 1
 1
 1
 1
 1
 1
 1
 1
 1
 1
 1
 3
 1
 4
 4
 2
 1
 1
 1
 1
 1
 1
 1
 1
 1
 1
 1
 1
 4
 1
 1
 1
 1
 1
 2
 2
 4
 3
 1
 1
 1
 1
 1
 1
 3
 3
 2
 2
 1
 1
 1
 2
 1
 3
 1
 1
 1
 1
 1
 1
 1
 1
 1
 1
 1
 1
 1
 1
 1
 1
 1
 1
 1
 1
 1
 1
 1
 4
 1
 1
 1
 1
 1
 1
 1
 4
 4
 1
 1
 1
 4
 2
 1
 2
 2
 1
 1
 1
 1
 1
 1
 1
 1
 1
 1
 1
 1
 1
 1
 1
 1
 1
 2
 3
 1
 1
 4
 4
 4
 4
 1
 4
 1
 2
 1
 1
 3
 1
 3
 3
 2
 2
 4
 4
 2
 2
 3
 3
 4
 4


